[ 8.9684082  ,   1.49396484]
[ 9.44242188 ,  -1.97378906]
[ 12.98349121,   1.97542969]
[ 13.36675293,  -1.50351563]
[ 16.95103027,   2.41865234]
[ 17.36394043,  -1.05691406]
[ 20.81930664,   2.9637207 ]
[ 21.42584961,  -0.48333008]
[ 24.37603516,   3.88520996]
[ 25.58311523,   0.59994141]
[ 27.37040039,   5.49604492]
[ 29.59609375,   2.79488281]
[ 29.5551123 ,   8.23481445]
[ 32.42868652,   6.23666992]
[ 31.67876465,  11.49290527]
[ 34.67806152,   9.6889502 ]
[ 33.6138916 ,  14.91561523]
[ 36.67648926,  13.22135742]
[ 34.98071777,  18.15897949]
[ 38.38056152,  17.32766113]
[ 35.49925293,  21.87523438]
[ 38.98249512,  21.53316406]
[ 35.4698877 ,  25.43685547]
[ 38.93307129,  25.94318359]
[ 34.45088379,  28.75419434]
[ 37.61425293,  30.25188965]
[ 32.47022461,  31.74224121]
[ 35.2203125 ,  33.90719238]
[ 29.94411621,  34.74337891]
[ 32.57856934,  37.04764648]
[ 27.29193359,  37.78437012]
[ 29.95505859,  40.05544434]
[ 24.70066895,  41.06778809]
[ 27.57067871,  43.0710498 ]
[ 22.67914062,  45.05627441]
[ 26.00143555,  46.15733887]
[ 21.99585449,  49.59782715]
[ 25.49352051,  49.47012207]
[ 22.90686035,  54.01494141]
[ 26.20759277,  52.85082031]
[ 25.3354834 ,  58.02470215]
[ 27.87092285,  55.61190918]
[ 28.35355957,  60.83012695]
[ 30.72271973,  58.25387695]
[ 30.62258301,  63.42261719]
[ 33.66593262,  61.69402344]
[ 32.03286133,  66.77310547]
[ 35.3628125 ,  65.69541992]
[ 32.79327637,  70.31349609]
[ 36.2757373 ,  69.96353516]
[ 32.69836426,  73.85148437]
[ 36.15730957,  74.38600586]
[ 31.80185059,  77.44018555]
[ 35.11882324,  78.55717773]
[ 30.35630371,  80.90830566]
[ 33.48714355,  82.47287109]
[ 28.44951172,  84.13043945]
[ 31.31936523,  86.13391602]
[ 26.04785156,  86.64639648]
[ 28.23926758,  89.37543945]
[ 22.90304199,  88.91351563]
[ 24.88694824,  91.79693359]
[ 19.53730957,  91.40087891]
[ 21.80120605,  94.07011719]
[ 16.57016113,  95.16847656]
[ 19.81638184,  96.47693359]
[ 16.14703613,  99.98480469]
[ 19.61668457,  99.52490234]
[ 16.79478516, 103.91164063]
[ 20.26974609, 103.49373047]
[ 16.59516113, 107.14269531]
[ 19.94406738, 108.15998047]
[ 15.10058594, 110.46248047]
[ 18.17037109, 112.14367187]
[ 13.11853027, 113.89824219]
[ 16.15078613, 115.64623047]
[ 11.19222168, 117.69129883]
[ 14.44122559, 118.99282227]
[ 10.4088916 , 122.3615625 ]
[ 13.90012207, 122.11388672]
[ 11.27908691, 126.59212891]
[ 14.66397949, 125.70189453]
[ 11.69418457, 129.86663086]
[ 15.16520996, 130.31604492]
[ 10.83404785, 133.42201172]
[ 14.15411621, 134.52976563]
[  9.36288086, 136.7712207 ]
[ 12.40807617, 138.49655273]
[  7.23893066, 139.59799805]
[  9.7438916 , 142.04241211]
[  4.44648926, 141.92419922]
[  6.40140137, 144.82734375]
[  1.2427832 , 143.63050781]
[  2.55473633, 146.87533203]
[ -2.29468262, 144.65238281]
[ -1.57683105, 148.07798828]
[ -6.06212158, 145.24328125]
[ -5.70931396, 148.72544922]
[ -9.8037207 , 145.36642578]
[ -9.96862305, 148.86253906]
[-13.29270752, 144.79908203]
[-14.35159912, 148.13505859]
[-16.32931885, 143.19612305]
[-18.3608667 , 146.04618164]
[-19.14200195, 140.7865332 ]
[-21.62167969, 143.2565918 ]
[-21.56686523, 137.95414063]
[-24.40058594, 140.00839844]
[-23.3062207 , 134.88355469]
[-26.58606934, 136.10527344]
[-23.67655518, 131.72771484]
[-27.16330078, 131.42341797]
[-22.83754639, 128.36001953]
[-26.08384766, 127.05175781]
[-21.10724121, 125.27145508]
[-23.91017578, 123.17538086]
[-18.68139893, 123.23361328]
[-20.30033447, 120.13054688]
[-15.18923828, 121.78169922]
[-16.39727539, 118.49679688]
[-11.32697754, 120.24772461]
[-12.8135791 , 117.07913086]
[ -7.59023193, 117.69076172]
[ -9.99327393, 115.14609375]
[ -4.72124512, 114.48570313]
[ -7.53418213, 112.40306641]
[ -2.51174805, 110.72007813]
[ -5.705271  , 109.28779297]
[ -1.15884766, 106.58446289]
[ -4.5828418 , 105.85901367]
[ -0.63476562, 102.33830078]
[ -4.12916992, 102.14048828]
[ -0.58238281,  98.19270508]
[ -4.08118164,  98.28452148]
[ -0.83093262,  94.07467773]
[ -4.31533691,  94.4047168 ]
[ -1.40458008,  89.92774414]
[ -4.8380957 ,  90.60668945]
[ -2.79166504,  85.72517578]
[ -5.92973389,  87.27517578]
[ -4.82487793,  82.16008789]
[ -7.8454248 ,  83.92821289]
[ -6.88658447,  78.64800781]
[ -9.8330542 ,  80.53700195]
[ -9.16734863,  75.27261719]
[-12.04157715,  77.26982422]
[-11.43880371,  71.98988281]
[-14.33262207,  73.95859375]
[-13.57754395,  68.70665527]
[-16.56164062,  70.53562988]
[-15.40212158,  65.37539551]
[-18.57787842,  66.84664551]
[-16.59848389,  61.89892578]
[-19.98847412,  62.76954102]
[-17.21479736,  58.27166992]
[-20.70502197,  58.53303711]
[-17.09886719,  54.65962402]
[-20.56398438,  54.16671387]
[-16.21891846,  51.12284668]
[-19.52115967,  49.9630127 ]
[-14.57877197,  48.00744629]
[-17.45601807,  46.01459473]
[-12.215625  ,  45.00453125]
[-14.8732666 ,  42.7270459 ]
[ -9.58297119,  42.02602539]
[-12.19732178,  39.69897461]
[ -6.9101709 ,  38.86529785]
[ -9.68441895,  36.7313916 ]
[ -4.6560791 ,  35.22480957]
[ -7.74314209,  33.57556152]
[ -3.14858398,  30.86761719]
[ -6.63035156,  30.51081055]
[ -3.14523926,  26.60770996]
[ -6.64214355,  26.75494629]
[ -3.83450684,  22.34802246]
[ -7.24383301,  23.13953613]
[ -4.8310376 ,  18.42414551]
[ -8.21448975,  19.31983887]
[ -5.82887207,  14.56529297]
[ -9.22849121,  15.39750977]
[ -6.63796143,  10.77333496]
[-10.0886792 ,  11.3586084 ]
[ -6.9407251 ,   7.15731445]
[-10.43619873,   6.97932617]
[ -5.97173584,   4.61981934]
[ -8.58547119,   2.29207031]
[ -3.30161133,   2.82901367]
[ -4.69023438,  -0.38374023]
[  0.16545898,   1.80246094]
[ -0.49371094,  -1.63490234]
[  3.88425781,   1.38712891]
[  3.75449219,  -2.11046875]